07c796c0ba,09427df377,168bac451a,26bf115c66,74cbfe0318,88a3d79c82,88e47bb7d4,bcc23802ee,e376c3dc1c
1.0,0.9958189917450967,0.2236438130939315,0.08591591068233231,0.04423644818412863,0.0962322567173659,0.04423644818412863,0.09065976521430169,0.16219571214958503
0.9958189917450967,1.0000000000000004,0.2167133971408788,0.052552115443559186,0.03559926192585686,0.06111111127267473,0.03559926192585686,0.0717537398889543,0.12582358959717996
0.2236438130939315,0.2167133971408788,0.9999999999999999,0.11265089332310829,0.04895340948300299,0.10535282487287384,0.04895340948300299,0.1468678315473347,0.1097500152452297
0.08591591068233231,0.052552115443559186,0.11265089332310829,1.0000000000000002,0.16015928385341735,0.3758288663883148,0.16015928385341735,0.08012495321540093,0.26277765269226727
0.04423644818412863,0.03559926192585686,0.04895340948300299,0.16015928385341735,1.0000000000000004,0.2267169097720904,1.0000000000000004,0.021400675512174117,0.150678313134367
0.0962322567173659,0.06111111127267473,0.10535282487287384,0.3758288663883148,0.2267169097720904,1.0,0.2267169097720904,0.13958573500439111,0.30297338981240285
0.04423644818412863,0.03559926192585686,0.04895340948300299,0.16015928385341735,1.0000000000000004,0.2267169097720904,1.0000000000000004,0.021400675512174117,0.150678313134367
0.09065976521430169,0.0717537398889543,0.1468678315473347,0.08012495321540093,0.021400675512174117,0.13958573500439111,0.021400675512174117,1.0000000000000002,0.261047009448073
0.16219571214958503,0.12582358959717996,0.1097500152452297,0.26277765269226727,0.150678313134367,0.30297338981240285,0.150678313134367,0.261047009448073,1.0000000000000002
